2
Alto
10
Sedan
10
Alto
BNK4UDE2
Mysore
Mysore
4.500000
0
-1
Alto
FZFTJ823
Trichy
Trichy
4.500000
0
-1
Alto
YM0QBAE6
Coimbatore
Coimbatore
4.500000
0
-1
Alto
679SPWUI
Thanjavur
Thanjavur
4.500000
0
-1
Alto
6J5GFVJP
Tirunelveli
Tirunelveli
4.500000
0
-1
Alto
WERYAMP9
Thanjavur
Thanjavur
4.500000
0
-1
Alto
QWPEV48D
Thanjavur
Thanjavur
4.500000
0
-1
Alto
283ULFOJ
Udupi
Udupi
4.500000
0
-1
Alto
L46E6Z9Z
Tirunelveli
Tirunelveli
4.500000
0
-1
Alto
OH4G6706
Trichy
Trichy
4.500000
0
-1
Sedan
XSFO9VFM
Madurai
Madurai
4.500000
0
-1
Sedan
1NRC6CNE
Pondicherry
Pondicherry
4.500000
0
-1
Sedan
UNI3I9LB
Madurai
Madurai
4.500000
0
-1
Sedan
9C7FI7YM
Thanjavur
Thanjavur
4.500000
0
-1
Sedan
HW5N6IH1
Tirunelveli
Tirunelveli
4.500000
0
-1
Sedan
FPO6KUH4
Pune
Pune
4.500000
0
-1
Sedan
VPQCO6BR
Chikkamagaluru
Chikkamagaluru
4.500000
0
-1
Sedan
SXUJ8P2Y
Bandipur
Bandipur
4.500000
0
-1
Sedan
I4IEGOUR
Tirunelveli
Tirunelveli
4.500000
0
-1
Sedan
SLQRBOUF
Kundapur
Kundapur
4.500000
0
-1




0.000000
0
0




0.000000
0
0




0.000000
0
0




0.000000
0
0




0.000000
0
0




0.000000
0
0




0.000000
0
0




0.000000
0
0




0.000000
0
0




0.000000
0
0




0.000000
0
0




0.000000
0
0




0.000000
0
0




0.000000
0
0




0.000000
0
0




0.000000
0
0




0.000000
0
0




0.000000
0
0




0.000000
0
0




0.000000
0
0




0.000000
0
0




0.000000
0
0




0.000000
0
0




0.000000
0
0




0.000000
0
0




0.000000
0
0




0.000000
0
0




0.000000
0
0




0.000000
0
0




0.000000
0
0




0.000000
0
0




0.000000
0
0




0.000000
0
0




0.000000
0
0




0.000000
0
0




0.000000
0
0




0.000000
0
0




0.000000
0
0




0.000000
0
0




0.000000
0
0




0.000000
0
0




0.000000
0
0




0.000000
0
0




0.000000
0
0




0.000000
0
0




0.000000
0
0




0.000000
0
0




0.000000
0
0




0.000000
0
0




0.000000
0
0




0.000000
0
0




0.000000
0
0




0.000000
0
0




0.000000
0
0




0.000000
0
0




0.000000
0
0




0.000000
0
0




0.000000
0
0




0.000000
0
0




0.000000
0
0




0.000000
0
0




0.000000
0
0




0.000000
0
0




0.000000
0
0




0.000000
0
0




0.000000
0
0




0.000000
0
0




0.000000
0
0




0.000000
0
0




0.000000
0
0




0.000000
0
0




0.000000
0
0




0.000000
0
0




0.000000
0
0




0.000000
0
0




0.000000
0
0




0.000000
0
0




0.000000
0
0




0.000000
0
0




0.000000
0
0




0.000000
0
0




0.000000
0
0




0.000000
0
0




0.000000
0
0




0.000000
0
0




0.000000
0
0




0.000000
0
0




0.000000
0
0




0.000000
0
0




0.000000
0
0




0.000000
0
0




0.000000
0
0




0.000000
0
0




0.000000
0
0




0.000000
0
0




0.000000
0
0




0.000000
0
0




0.000000
0
0




0.000000
0
0




0.000000
0
0




0.000000
0
0




0.000000
0
0




0.000000
0
0




0.000000
0
0




0.000000
0
0




0.000000
0
0




0.000000
0
0




0.000000
0
0




0.000000
0
0




0.000000
0
0




0.000000
0
0




0.000000
0
0




0.000000
0
0




0.000000
0
0




0.000000
0
0




0.000000
0
0




0.000000
0
0




0.000000
0
0




0.000000
0
0




0.000000
0
0




0.000000
0
0




0.000000
0
0




0.000000
0
0




0.000000
0
0




0.000000
0
0




0.000000
0
0




0.000000
0
0




0.000000
0
0




0.000000
0
0




0.000000
0
0




0.000000
0
0




0.000000
0
0




0.000000
0
0




0.000000
0
0




0.000000
0
0




0.000000
0
0




0.000000
0
0




0.000000
0
0




0.000000
0
0




0.000000
0
0




0.000000
0
0




0.000000
0
0




0.000000
0
0




0.000000
0
0




0.000000
0
0




0.000000
0
0




0.000000
0
0




0.000000
0
0




0.000000
0
0




0.000000
0
0




0.000000
0
0




0.000000
0
0




0.000000
0
0




0.000000
0
0




0.000000
0
0




0.000000
0
0




0.000000
0
0




0.000000
0
0




0.000000
0
0




0.000000
0
0




0.000000
0
0




0.000000
0
0




0.000000
0
0




0.000000
0
0




0.000000
0
0




0.000000
0
0




0.000000
0
0




0.000000
0
0




0.000000
0
0




0.000000
0
0




0.000000
0
0




0.000000
0
0




0.000000
0
0




0.000000
0
0




0.000000
0
0




0.000000
0
0




0.000000
0
0




0.000000
0
0




0.000000
0
0




0.000000
0
0
